P1; 1; 1; 7;
P2; 2; 2; 14;
P3; 1; 3; 10;
P4; 3; 4; 11;
P5; 1; 2; 20;
B101; 2; 5; 10;
B103; 1; 3; 8;
B105; 2; 2; 12;
B106; 2; 1; 10;
B102; 2; 1; 9;
B104; 3; 3; 14;
P1; 1; 1; 18;
P2; 2; 2; 20;
P3; 1; 1; 10;
P4; 1; 4; 11;
P5; 1; 2; 9;
B101; 3; 1; 10;
B103; 2; 3; 7;
B105; 1; 2; 13;
B106; 2; 5; 11;
B102; 3; 5; 7;
B104; 4; 5; 12;
P1; 2; 1; 7;
P2; 4; 2; 14;
P3; 1; 5; 10;
P4; 4; 2; 11;
P5; 1; 2; 7;
B101; 1; 2; 11;
B103; 2; 3; 9;
B105; 3; 5; 12;
B106; 2; 3; 17;
B102; 1; 5; 14;
B104; 3; 2; 15;
P1; 4; 3; 11;
P2; 1; 4; 12;
P3; 1; 3; 13;
P4; 1; 5; 11;
P5; 2; 2; 12;
B101; 3; 1; 10;
B103; 2; 1; 7;
B105; 4; 2; 13;
B106; 2; 4; 11;
B102; 1; 2; 7;
B104; 4; 1; 12;